% 5600 in vgrid 
% iz       zw 
  0   0.000000E+00
  1  -0.200000E+00
  2  -0.405223E+00
  3  -0.615807E+00
  4  -0.831891E+00
  5  -0.105362E+01
  6  -0.128114E+01
  7  -0.151460E+01
  8  -0.175416E+01
  9  -0.199997E+01
 10  -0.225221E+01
 11  -0.251103E+01
 12  -0.277661E+01
 13  -0.304913E+01
 14  -0.332877E+01
 15  -0.361571E+01
 16  -0.391015E+01
 17  -0.421227E+01
 18  -0.452229E+01
 19  -0.484040E+01
 20  -0.516682E+01
 21  -0.550177E+01
 22  -0.584547E+01
 23  -0.619814E+01
 24  -0.656002E+01
 25  -0.693136E+01
 26  -0.731239E+01
 27  -0.770337E+01
 28  -0.810457E+01
 29  -0.851625E+01
 30  -0.893867E+01
 31  -0.937213E+01
 32  -0.981692E+01
 33  -0.102733E+02
 34  -0.107416E+02
 35  -0.112222E+02
 36  -0.117153E+02
 37  -0.122213E+02
 38  -0.127405E+02
 39  -0.132732E+02
 40  -0.138199E+02
 41  -0.143808E+02
 42  -0.149564E+02
 43  -0.155471E+02
 44  -0.161531E+02
 45  -0.167750E+02
 46  -0.174131E+02
 47  -0.180679E+02
 48  -0.187398E+02
 49  -0.194293E+02
 50  -0.201367E+02
 51  -0.208627E+02
 52  -0.216076E+02
 53  -0.223719E+02
 54  -0.231562E+02
 55  -0.239610E+02
 56  -0.247868E+02
 57  -0.256342E+02
 58  -0.265037E+02
 59  -0.273960E+02
 60  -0.283115E+02
 61  -0.292509E+02
 62  -0.302149E+02
 63  -0.312041E+02
 64  -0.322191E+02
 65  -0.332606E+02
 66  -0.343293E+02
 67  -0.354259E+02
 68  -0.365511E+02
 69  -0.377058E+02
 70  -0.388906E+02
 71  -0.401063E+02
 72  -0.413538E+02
 73  -0.426339E+02
 74  -0.439474E+02
 75  -0.452952E+02
 76  -0.466782E+02
 77  -0.480974E+02
 78  -0.495536E+02
 79  -0.510478E+02
 80  -0.525811E+02
 81  -0.541544E+02
 82  -0.557688E+02
 83  -0.574254E+02
 84  -0.591252E+02
 85  -0.608695E+02
 86  -0.626593E+02
 87  -0.644958E+02
 88  -0.663803E+02
 89  -0.683140E+02
 90  -0.702983E+02
 91  -0.723343E+02
 92  -0.744236E+02
 93  -0.765674E+02
 94  -0.787671E+02
 95  -0.810244E+02
 96  -0.833406E+02
 97  -0.857173E+02
 98  -0.881560E+02
 99  -0.906585E+02
100  -0.932263E+02
101  -0.958612E+02
102  -0.985649E+02
103  -0.101339E+03
104  -0.104186E+03
105  -0.107107E+03
106  -0.110105E+03
107  -0.113180E+03
108  -0.116336E+03
109  -0.119575E+03
110  -0.122898E+03
111  -0.126308E+03
112  -0.129807E+03
113  -0.133397E+03
114  -0.137081E+03
115  -0.140861E+03
116  -0.144740E+03
117  -0.148721E+03
118  -0.152805E+03
119  -0.156996E+03
120  -0.161296E+03
121  -0.165709E+03
122  -0.170237E+03
123  -0.174883E+03
124  -0.179651E+03
125  -0.184543E+03
126  -0.189563E+03
127  -0.194714E+03
128  -0.200000E+03
129  -0.205286E+03
